['Οὐρανὸς', 2, 59, 199]
['γαῖα', 11, 42, 84, 114, 196, 361, 566, 1010, 1669, 1744, 1852, 2064, 2091, 8111, 14091, 14236, 22555]
['βριάρεως', 17]
['ἐγγυάω', 18]
['κόττος', 19]
['κύκλωψ', 43, 384, 9190, 23774, 28199]
['ἄργος', 44, 3600, 3987, 4039, 4104, 4347, 5757, 5883, 6137, 8000, 8031, 8041, 8064, 8131, 8218, 8231, 8273, 8585, 8675, 9098, 9146, 9202, 10416, 10431, 10485, 10506, 10886, 17330, 17404, 18569, 19497, 20634, 20645, 20890, 22388]
['στερόπης', 45, 3162, 3331, 23113, 23118, 25786]
['βροντάω', 46]
['τάρταρος', 62, 120, 186, 411, 2068, 23787]
['ἅιδης', 70, 440, 544, 760, 1218, 1334, 1715, 2024, 4473, 5583, 13812, 14554, 14630, 14674, 14735, 14841, 15677, 17879, 19588, 24050, 25553]
['τιτάν', 88, 125, 351, 405, 444, 557, 1747]
['Ὠκεανὸν', 90, 10018, 13773]
['ποῖος', 91, 458, 1059, 5867, 16564]
['ὑπερίων', 92, 465]
['κρείων', 93, 7739, 10920, 10948, 11079, 11669, 11689, 16637, 16752, 20318, 20429, 20431, 21372, 21382, 21640, 22337, 22346, 22351]
['Ἰαπετὸν', 94]
['κρόνος', 98, 133, 141, 177, 300, 308, 327, 349, 509]
['τιτανίς', 103]
['Τηθὺν', 104]
['Ῥέαν', 105, 193]
['θέμις', 106, 675, 1133, 14170, 25945]
['μνημοσύνη', 107, 708]
['φοιβάω', 108, 461, 8806, 23560, 24292]
['διώνη', 109, 642, 690]
['θείης', 110, 468]
['ὠκεανός', 137, 323, 446, 697, 1455, 1667, 6822, 7924, 13658, 13674, 22414, 23097, 25316]
['Ἀληκτὼ', 161]
['τισιφόνη', 162, 22326, 22341]
['μεγαίρα', 163]
['ἑστιάω', 217]
['δημήτηρ', 220, 1477, 1571, 1658, 1713, 1741, 8412, 14829, 21599, 24483, 27053, 27062]
['πλούτων', 225, 394, 765, 1673, 1728, 14763, 25546]
['ποσειδῶν', 227, 397, 431, 1313, 1321, 1402, 2005, 2009, 2882, 2901, 2920, 3216, 4718, 4860, 5636, 5866, 5876, 6201, 6288, 6321, 7647, 8453, 8617, 8649, 8662, 9040, 9599, 10123, 10198, 10602, 10636, 11545, 12588, 12688, 12974, 12980, 13006, 13457, 13465, 13494, 13589, 13627, 13867, 13918, 14210, 14250, 15451, 15530, 15940, 17588, 17702, 17959, 17974, 18004, 21467, 21597, 23129, 23138, 23540, 25325, 25607, 25943, 26048, 26366, 26455, 26501, 26510, 27320, 27572, 27593, 27749, 27955]
['ῥέος', 233, 303]
['κρήτη', 237, 7424, 11026, 13020, 17645, 17886, 17901, 17938, 18186, 18215, 18398]
['δῖος', 240, 249, 1072, 2866, 4509, 4645, 21345, 23356, 23995, 24787, 24836, 25372, 25989]
['δίκτη', 248]
['Κούρησί', 256]
['μελίσσευς', 260]
['ἀδράστεια', 263]
['εἶδον', 266]
['ἀμαλθεία', 276, 15997, 15999]
['κούρητες', 280, 3781, 8370, 18429]
['Ζεὺς', 317, 346, 425, 503, 546, 960, 967, 992, 1863, 1921, 2048, 2224, 2333, 2418, 2561, 2581, 2654, 2867, 3074, 3274, 4675, 7130, 7996, 8172, 8366, 9727, 10709, 11049, 13547, 15050, 15414, 17632, 17844, 18816, 18894, 18921, 18989, 19077, 19099, 19757, 21292, 21333, 21409, 21562, 21584, 22492, 22528, 22628, 22679, 23187, 23436, 23754, 23781, 24421, 24439, 24609, 25374, 25421, 25941, 26413]
['μῆτις', 321, 457, 993]
['Διὶ', 363, 386, 1088, 2330, 2651, 4217, 4322, 4634, 11213, 11903, 11989, 12549, 14090, 14290, 14427, 20087, 23195, 23778, 24713, 25983, 28166]
['κάμπτω', 379]
['πλοῦτος', 436, 1496, 1679, 14768]
['τηθύς', 449, 7908, 25318]
['ὠκεανίς', 450]
['ἄσιος', 451, 484, 8335, 14328, 19096, 19545, 22607]
['Στὺξ', 452]
['Δωρὶς', 454]
['ἀμφιτρίτη', 456, 614, 1453, 27606]
['ἀστέριος', 462, 525, 1061, 1078, 4846, 5897, 8773, 17768, 17903, 17931, 18080]
['λητώ', 464, 20009, 23790]
['σελήνη', 471, 1870, 3073]
['κρεῖον', 472]
['εὐρυβίας', 475, 16642]
['ποντίζω', 477, 563]
['ἀστραῖος', 478, 518]
['πάλλας', 479, 527, 1983, 22453, 27834]
['πέρσης', 480, 522, 7883, 10534]
['ἄτλας', 485, 4450, 14086, 14439, 14452, 14460, 14487, 14509, 24471]
['Προμηθεὺς', 493, 2492, 2514]
['Ἐπιμηθεὺς', 495]
['μενοίτιος', 497, 5851, 24146, 26281]
['φιλύρα', 511, 9083]
['χειρόω', 512, 26044]
['κένταυρος', 514, 12397, 12426, 12444, 12496, 12563, 12842, 14614, 16140, 22934, 23648, 25897]
['ἑκάτη', 526, 1968]
['Στυγὸς', 530, 539, 704]
['νικάω', 531, 16670]
['κράτης', 532]
['ζῆλος', 533]
['βιάω', 534, 4976, 5072, 5114, 9370, 9433, 25193]
['φόρκος', 567, 584, 9851, 9865]
['θαύμας', 568, 573]
['Νηρεὺς', 569]
['εὐρυβίας', 570]
['κητώ', 571, 587, 9862]
['ἶρις', 578]
['Ἀελλὼ', 581]
['ὠκυπέτη', 583, 6477, 8925]
['φορκίδες', 588, 9960]
['γοργώ', 590, 8904, 9819, 9838, 9866, 10050, 10098, 10109, 10142, 10289, 10329, 10362, 10381, 14650, 14656, 15786, 23689]
['πέρσευς', 597, 4911, 9749, 9799, 10148]
['νηρεύς', 599, 14175, 19354, 25471, 25936]
['δωρίς', 602]
['νηρηίς', 603, 7248, 10184, 10195, 26113]
['κυμοθόη', 607]
['Σπειὼ', 608]
['γλαυκονόμη', 609]
['ἅλιος', 611]
['Ἐρατὼ', 612, 717, 8897]
['Σαὼ', 613]
['εὐνίκη', 615]
['θέτις', 616, 988, 7249, 19352, 25934, 25980, 26062, 26103, 26194]
['εὐλιμένη', 617]
['ἀγαύη', 618]
['εὐδώρη', 619]
['Δωτὼ', 620]
['φέρω', 621]
['γαλάτεια', 622]
['ἀκταῖος', 623, 8916, 19109, 19246, 25458, 26473]
['ἱπποθόη', 625, 4943, 10598]
['λυσιάνασσα', 626, 14253]
['Κυμὼ', 627]
['ἁλιμήδη', 629]
['πληξαύρη', 630]
['εὐκράντη', 631]
['Πρωτὼ', 632]
['Καλυψὼ', 633]
['πανόπη', 634]
['Κραντὼ', 635]
['ἱππονόη', 637]
['ἰάνειρα', 638]
['αὐτονόη', 640, 8888, 16791, 18872, 18885, 19104]
['μελίτη', 641]
['νησαῖος', 643]
['εὐαγόρης', 645, 4853, 25186]
['ψαμάθη', 646, 25469]
['ἰόνη', 648]
['δύναμαι', 649]
['Κητὼ', 650]
['λιμνώρεια', 651]
['εἰλείθυια', 661, 10724]
['ἄρης', 662, 3010, 3179, 3196, 3412, 3537, 4337, 5744, 5896, 13078, 13238, 14133, 14141, 16330, 18707, 18824, 19713, 23086, 24120, 26493, 26506, 26521, 27180]
['οὐρανός', 677, 1752]
['εἰρήνη', 682]
['εὐνομία', 683]
['δίκη', 684]
['Κλωθὼ', 686]
['λάχος', 687]
['ἄτροπος', 688]
['ἀφροδίτη', 692, 822, 1420, 5930, 7216, 18822, 23020, 24635, 26605, 26650, 26711, 26759, 26869]
['εὐρυνόμη', 694, 22866, 25331]
['εὐφρόσυνος', 700]
['θάλλω', 701, 720]
['φερσέφασσα', 705, 1469, 1719, 14682, 14757, 26721, 26753]
['καλλιόπη', 712, 723, 917]
['Κλειὼ', 714, 814]
['μέλπω', 715, 926]
['εὐτέρπη', 716, 902]
['τερψίχορος', 718]
['οὐράνιος', 719]
['οἴαγρος', 727, 5814]
['ἀπόλλων', 731, 923, 1107, 1249, 3118, 3208, 5065, 7390, 11731, 12334, 13455, 15048, 16313, 17792, 20021, 21917, 21953, 22386, 22642, 23152, 23373, 23495, 23601, 25170]
['λίνος', 732, 11309, 22457]
['Ὀρφεὺς', 737, 777, 799, 5813, 7199]
['εὐρυδίκη', 751, 5455, 8892, 9213, 20945, 23477, 24863]
['διόνυσος', 802, 1963, 3345, 3382, 5360, 5874, 9238, 18987, 19075, 19347, 19377, 19423, 27055, 27069]
['πιερία', 808, 8911, 23213]
['πίερος', 816]
['μάγνης', 818, 2818, 4596]
['ἄδωνις', 828, 26590, 26615, 26709, 26749, 26762, 26773]
['ὑάκινθος', 836, 852, 23490, 28189, 28206]
['θάμυρις', 838, 862]
['φιλάμμων', 840]
['ἀργιόπη', 842]
['ἀπόλάω1', 855, 1117, 1223, 1270, 1283, 1949, 3260, 3292, 5474, 5494, 5523, 7359, 13462, 13490, 20041, 23220, 23293, 23352, 23386, 23400, 23574, 23619, 23772, 25136, 25148]
['στρυμών', 906, 8046, 14017, 19338]
['Ῥῆσος', 907]
['τροία', 910, 974, 4129, 5411, 13571, 15405, 24584, 25273, 25296, 25661, 26192, 26242]
['διομήδης', 911, 4037, 4099, 4520, 13068, 13145, 21778, 23485, 24087]
['θάλεια', 920]
['κορύβας', 925]
['ἀχελώιος', 929, 2831, 3335, 22060, 22297]
['σειρήν', 930, 3336, 7197, 7222]
['ὀδυσσεύς', 936, 23926, 24163, 24216]
['ὅμηρος', 947, 9169, 9572, 17658, 19993]
['Διὸς', 952, 1125, 1163, 1471, 1671, 1939, 2464, 2673, 2712, 2731, 3066, 3550, 3938, 8212, 8256, 9019, 9753, 11205, 11387, 11709, 14168, 14263, 15463, 16425, 17662, 17857, 18863, 18907, 19140, 19248, 19660, 21490, 22401, 22560, 23178, 23362, 23449, 23948, 23960, 23984, 24473, 25329, 25961, 26734]
['ὄλυμπος', 969, 1226, 2967, 13175, 15418, 16669]
['λῆμνος', 982, 5907, 5912, 5979, 5996]
['προμηθής', 1041, 2533, 2567, 12550, 14408, 14417, 14441, 25968]
['τρίτων', 1051, 24764]
['ἀθήνη', 1052, 1236, 1883, 1898, 1975, 3558, 5762, 5778, 6791, 7803, 7833, 7847, 8560, 8578, 9015, 9847, 10086, 10363, 10374, 10392, 11004, 11637, 11741, 12920, 14537, 15474, 15780, 15882, 16831, 18034, 18685, 18725, 18811, 21208, 21217, 21492, 21541, 21650, 22775, 22796, 23682, 24762, 24800, 24804, 26389, 26436, 26446, 26454, 26855, 26857, 26874, 26938, 26990, 27007, 27011, 27018, 27048, 27317, 27446, 27859, 27930, 27996, 28092, 28164, 28210, 28305, 28402]
['δῆλος', 1083, 1098, 1302, 1416]
['Λητὼ', 1085, 1193, 20013]
['ἄρτεμις', 1102, 1299, 1436, 1450, 2032, 3005, 3023, 3475, 5511, 12286, 12336, 19150, 20018, 20033, 22616, 22638, 22656, 22667, 23944, 26620]
['Πανὸς', 1123]
['ὕβρις', 1127]
['δελφοί', 1130, 22840]
['πύθων', 1140]
['τιτυός', 1160]
['ὀρχομενός', 1167, 22483]
['ἐλάρη', 1169]
['ζεύς', 1171, 2472, 5822, 5828, 7156, 7992, 11155, 12969, 17316, 17652, 18224, 18974, 22177, 23049, 23979, 24826, 25357]
['Τιτυὸν', 1183]
['Πυθὼ', 1192]
['μαρσύης', 1228, 1276, 1286]
['ὠρίων', 1297, 1408]
['φερεκύδης', 1310, 1663, 3974, 6153, 8222, 11254, 16012, 17705, 18758, 18857, 21205, 22610, 25448]
['εὐρυάλη', 1315, 10030]
['σίδη', 1330]
['χάω', 1343]
['μερόπη', 1344, 4448, 17523, 17536, 23110, 23124]
['οἰνοπίων', 1346, 1351, 1396]
['αἴρω', 1424, 4913, 18800, 21373]
['ὠρέω', 1429]
['ἄπειμι2', 1442]
['ὑπερβόρεοι', 1446, 14088, 14437]
['τρίτος', 1460]
['Ῥόδη', 1462]
['ἑρμιονεύς', 1494]
['ἐλευσίς', 1508, 1654, 12590, 14586, 27067]
['ἀγέλαστος', 1518]
['καλλίχορος', 1523]
['Κελεὸν', 1528]
['ἐλευσίνιος', 1533, 27659, 27691, 27694]
['ἰάμβη', 1545]
['κελεός', 1564]
['μετανείρα', 1566, 1633]
['δημοφῶν', 1598]
['τριπτόλεμος', 1628, 1653]
['πανύασις', 1651, 23741, 26636]
['κόρη', 1675, 5573]
['ἀσκάλαφος', 1706, 5893, 14724, 14826, 24117]
['ἀχέρων', 1708, 14784]
['γόργυρα', 1710]
['γίγας', 1750, 1841, 2063, 15481]
['φλέγρη', 1787, 15476]
['παλλήνη', 1792, 1903]
['πορφύρω', 1806, 1911]
['ἀλκυονεύς', 1809, 1890]
['ἐρυθεία', 1828, 13652, 13655, 13779, 14120]
['ἐφιάλτης', 1951, 2926, 3000]
['εὔρυτος', 1960, 5859, 11301, 14860, 14907, 14933, 14999, 15083, 15113, 15512, 16366, 16387, 23857, 24098]
['κλυτίος', 1965, 24889]
['μίμας', 1969]
['ἐγκέλαδος', 1977, 8737]
['σικελία', 1979, 2423, 13890]
['κέω', 2008, 6131, 15471]
['νίσυρος', 2019]
['ἑρμῆς', 2021, 2321, 2657, 3015, 4244, 5848, 5860, 8259, 9018, 9845, 10012, 10357, 10365, 11727, 13127, 14664, 15089, 18235, 18995, 19088, 19845, 23201, 23341, 23391, 26528]
['ἱππόλυτος', 2030, 8784, 15007, 23731]
['ἄγριος', 2038, 3325, 12464]
['θόων', 2040]
['τυφῶν', 2071, 2229, 2352, 9576, 11868, 13713, 14101, 14414, 20343]
['κίλιξ', 2073, 2289, 17620, 17707, 17730, 17744, 17829, 26556]
['Τυφὼν', 2179, 2259]
['αἴγυπτος', 2213, 8339, 8400, 8483, 8486, 8498, 8518, 8531, 8538, 8556, 8671, 8728, 8905, 8920, 14244, 14272, 26612]
['κάσιος', 2242]
['σύριος', 2248, 8381, 19292, 26537, 26553]
['κωρύκιος', 2294]
['δελφύνη', 2312]
['αἰγίπαν', 2324]
['νῦσα', 2355]
['θράικη', 2376, 5947, 6270, 17751, 17759, 19432, 27177]
['αἵμων', 2381, 2408, 8302, 20427, 22474]
['σικελικός', 2416]
['αἴτνη', 2420]
['καύκασος', 2476, 6718, 14403]
['Σκυθικὸν', 2484]
['δευκαλίων', 2536, 2568, 2625, 2684, 2705, 7900, 17909, 22574, 26790, 26826]
['φθῖος', 2544, 3116, 3584, 3592, 19972, 25679, 25738, 26257]
['πύρρα', 2547, 2578, 2689, 2704]
['ἐπιμηθής', 2549]
['πανδώρα', 2551]
['ἑλλάς', 2592, 3510, 3894, 5800, 6331, 6854, 10533, 15499, 16824, 24078, 25492, 25525]
['θεσσαλία', 2613, 2798, 3055, 4618, 4922, 5440, 6159, 23595]
['ἰσθμός', 2619, 13053]
['πελοπόννησος', 2621, 2764, 2784, 4058, 4080, 6451, 7947, 7975, 8013, 8039, 9267, 16894, 16913, 16932, 16956, 17023, 17311, 19921, 27820]
['παρνασός', 2642]
['ἕλλην', 2707, 2734, 2752, 4147]
['ἀμφικτύων', 2718, 26821, 27009]
['Κραναὸν', 2721, 26818]
['ἀττικός', 2724, 11061, 13057, 20563, 26333, 26369]
['πρωτογένεια', 2727, 3175]
['ἄθλιος', 2732, 3049]
['ὀρσηίς', 2738]
['δῶρος', 2739, 2779, 3120, 3156]
['ξοῦθος', 2740, 2760, 27355]
['αἴολος', 2741, 2792]
['Γραικοὺς', 2750]
['κρεούσα', 2766, 25129, 27343, 27353]
['ἐρεχθεύς', 2768, 4540, 27162, 27322, 27701, 27753, 27763]
['Ἀχαιὸν', 2769]
['ἴων', 2772, 2777]
['Ἀχαιοὶ', 2775]
['δωρίζω', 2790, 16264]
['αἰολεύς', 2802, 3056]
['ἐναίρω', 2806]
['δηίμαχος', 2808, 4848]
['κρηθεύς', 2813, 4698, 5437, 5588, 5605]
['σίσυφος', 2814, 4437, 4471, 9445, 19072, 23122, 25368]
['ἀθάμας', 2815, 4136, 4195, 4223, 4352, 4417, 18883, 19003, 19017]
['σαλμωνεύς', 2816, 4693, 4700, 4953]
['περιήρης', 2819, 4550, 4575, 4588, 10563, 11542, 23506, 23824, 23830, 25711, 25919]
['κανάκη', 2823]
['ἀλκυόνη', 2824, 2843, 10691, 23109, 23145]
['πεισιδίκη', 2825, 2835, 4905, 4941]
['καλύκη', 2826, 3046]
['ἱπποδάμας', 2832, 3321, 25187]
['ὀρέστης', 2834, 17026, 17295]
['μυρμιδών', 2838]
['ἄντιφος', 2839, 16683, 25164]
['ἄκτωρ', 2841, 3590, 4533, 5852, 5853, 15527, 15531, 25684]
['κήυξ', 2845, 16123, 16253, 16403, 16807]
['ἑωσφόρος', 2847]
['ὅπλευς', 2883, 22442]
['νιρεύς', 2885]
['ἐπωπεύς', 2887, 19772, 19786, 19801]
['ἀλωεύς', 2889]
['τριόπης', 2891]
['Ἀλωεὺς', 2893]
['ἰφιμέδεια', 2897]
['τρίοψ', 2899]
['ἄατος', 2924, 3003]
['Ἀλωάδας', 2928, 3020]
['ὄσσα', 2964, 2972]
['πήλιον', 2975, 12488, 25825, 25874, 26034]
['ναξος', 3022]
['ἐνδυμίων', 3051, 3092]
['ἰφιγένεια', 3100, 9225]
['αἰτωλός', 3101, 3132, 5842, 20898]
['ἆπις', 3104, 7953, 7958, 8125]
['φορωνεύς', 3106, 7925]
['κούρητις', 3111]
['λαόδοκος', 3122, 21034]
['πολυποίτης', 3124, 24125]
['αἰτώλιος', 3129, 3146, 17266]
['προνοέω', 3135]
['φόρβης', 3137]
['Πλευρὼν', 3138, 3150]
['Καλυδὼν', 3140]
['ξανθίππη', 3154]
['ἀγήνωρ', 3159, 3182, 6283, 8060, 8457, 8461, 8770, 17577, 17591, 17601, 17626, 17675, 19958, 22218]
['στρατονίκη', 3164, 16678]
['λαοφόντη', 3166]
['καλυδών', 3167, 3189, 3343, 3539, 15960, 20662, 22043]
['αἰόλιος', 3170]
['ἀμυθάων', 3172, 4960, 4963, 9280]
['ἐπίκαθίστημι', 3173, 3187, 16771, 20124]
['ὄξυλος', 3180, 17242]
['πλευρών', 3185]
['πορθάων', 3191]
['δημονίκη', 3193]
['εὔηνος', 3197, 3202, 3222, 3246]
['μῶλος', 3198]
['πύλος', 3199, 4829, 4870, 4967, 5335, 15636, 15683, 23236, 23299, 23375]
['θέστιος', 3200, 3299, 3355, 3605, 3708, 3738, 3775, 3792, 3830, 5882, 23876, 23888]
['μάρπησσα', 3206, 3639]
['ἴδη', 3210, 3252, 3295, 3541, 3637, 5831, 8933, 23532, 23538, 24311, 24315, 24347, 24378, 24389, 24408, 24422, 25058, 25283]
['ἀφαρεύς', 3212, 3544, 5834, 23519, 23522, 23819, 24309]
['λυκόρμης', 3227]
['μεσσήνη', 3255, 3546, 4552, 4827, 5351, 17336, 17361, 17388, 17412, 17502, 24284, 24358, 24364]
['εὐρύθεμις', 3302]
['κλεοβοία', 3304]
['ἀλθαία', 3308, 3353, 3379, 3405, 3444, 3748, 3795, 3840, 3853]
['λήδη', 3309, 3552, 23890, 23930, 23950, 24013, 24257]
['ὑπερμνήστρη', 3310, 8711, 8763, 8975, 9025, 9101]
['ἴφικλος', 3313, 3778, 5222, 5261, 5299, 5316, 5881]
['πλήξιππος', 3315, 27533]
['εὐρύτη', 3319, 26504]
['Οἰνεὺς', 3324, 3470, 3611, 3857, 8917]
['ἀλκάθοος', 3326, 3952]
['μέλας', 3327, 3960, 4348, 16407]
['λευκωπεύς', 3328]
['τοξεύς', 3357]
['θυρέη', 3367]
['κλύμενος', 3369, 9074, 11533, 18144, 18288, 18308, 22888]
['γόργη', 3372, 3928, 8781]
['ἀνδραίμων', 3374, 4068, 17244]
['δηιάνειρα', 3377, 15964, 15985, 16130, 16161, 16193, 16450, 16522, 16536, 16740]
['ἀχελῶιος', 3400, 15973, 15990, 22029, 22075]
['οἰνεύς', 3408, 3535, 3873, 3891, 3910, 3921, 3934, 3951, 3963, 4022, 4031, 4067, 4073, 4078, 5862, 15962, 16085, 16097, 16743, 20660, 20897, 22040]
['μελέαγρος', 3409, 3429, 3450, 3534, 3632, 3691, 3728, 3735, 3761, 3768, 3788, 3838, 5861, 14646]
['δρύας', 3536, 8877, 19334, 19382]
['Λυγκεὺς', 3543, 5833, 23543, 24384]
['κάστωρ', 3547, 5819, 8144, 11305, 23968, 24047, 24260, 24294, 24387, 24438]
['πολυδεύκης', 3549, 5821, 6236, 23963, 24044, 24266, 24290, 24394, 24424, 24433]
['λακεδαίμων', 3554, 9215, 15686, 17333, 17408, 23451, 23455, 23460, 23870, 26798, 28209]
['Θησεὺς', 3555, 5829, 24038, 28449, 28496]
['αἰγίς', 3556, 5830, 7836, 27840, 28383]
['ἄδμητος', 3559, 5443, 5468, 5534, 5855, 13257, 14956, 23803, 24124]
['φέρης', 3560, 4961, 4971, 5434, 5856, 7789, 23805, 26289]
['φεραί', 3562, 5472, 14950]
['ἀγκαῖος', 3563, 3664, 5863, 6712, 22867]
['Κηφεὺς', 3565, 5843, 8506, 10229, 15766, 15813, 22758]
['λυκοῦργος', 3566, 5416, 5445, 5447, 5864, 16721, 19331, 19373, 19409, 20926, 20948, 20968, 22760, 22861, 23725]
['ἀρκαδία', 3568, 3596, 4094, 8084, 9264, 12330, 12887, 13048, 15753, 21986, 22684, 23105, 24304, 25506]
['ἰάζω', 3569, 5593, 5756, 6735, 6930, 7620, 7746, 7755, 24474, 24479]
['αἴσων', 3570, 4959, 5585, 7580]
['ἰωλκός', 3572, 5598, 5601, 7719, 26162]
['ἰφικλέης', 3573, 11221, 11274, 11282, 11690, 11777, 15833]
['ἀμφιτρύων', 3574, 10586, 10809, 10831, 10856, 10888, 10944, 11002, 11054, 11103, 11125, 11151, 11165, 11176, 11219, 11244, 11257, 11293, 11360, 11427, 11660, 11707]
['θῆβαι', 3576, 4002, 4127, 5403, 10918, 11078, 11131, 11154, 11319, 11568, 11593, 11630, 14850, 16066, 18681, 19442, 19605, 19665, 19943, 20077, 20306, 20330, 20543, 20631, 20721, 20820, 20855, 20867, 20895, 21514, 21672, 21710, 21764, 21926, 21937, 23090, 28029]
['πειρίθοος', 3577, 14680, 14711, 24126]
['ἰξίων', 3578]
['λάρισα', 3580]
['Πηλεὺς', 3581, 3671, 5825, 25832, 25916, 26090, 26153, 26263]
['αἰακός', 3582, 3586, 5826, 25418, 25487, 25535, 25548, 25595]
['Τελαμὼν', 3585, 5823, 15286, 15318, 25569, 25599]
['σαλαμίς', 3588, 25602, 25609]
['εὐρυτίων', 3589, 12574, 13703]
['ἀταλάντη', 3593, 3645, 3680, 3704, 3746, 5849, 22891, 22918, 23062, 23084, 25757]
['σχοινεύς', 3594, 4434, 5850, 23066]
['ἀμφιάραος', 3597, 3687, 5391, 5835, 20729, 20765, 20777, 20794, 20826, 20839, 20876, 20995, 21032, 21114, 21502, 21550, 21775, 24102]
['οἰ+κλέης', 3598, 5836, 15245, 15267, 20732, 20877, 21988]
['κηφεύς', 3619, 10168, 10182, 10248, 10280, 10537, 15755, 15789]
['ἀνακαίω', 3621, 24092]
['κλεοπάτρη', 3635, 3842, 8771, 8891, 24594, 27496, 27524, 27541]
['εὐρυτίων', 3669, 12841, 12854, 13802, 25682, 25721, 25728]
['καλυδώνιος', 3783, 15204, 16032, 22952, 25718]
['περίβοια', 3858, 20173, 20215, 23913, 25633]
['ἱππόνοος', 3860, 3886, 3903, 20879, 25165]
['ὤλενος', 3870, 3878, 12830]
['ἱππόστρατος', 3883]
['ἀμαρυγκεύς', 3885]
['τυδεύς', 3922, 20658, 20905, 21028, 21047, 21482, 21507, 21779, 24088]
['πείσανδρος', 3924]
['ἀλκμαιωνίς', 3957]
['εὐρύαλος', 3965, 5407, 5885, 21786]
['ἀντίοχος', 3967, 10650, 17177]
['εὐμήδης', 3968, 16636]
['στέρνοψ', 3969]
['ξάνθιππος', 3970]
['σθενέλαος', 3971]
['ὠλένιος', 3976]
['ἀγριόω', 3980, 4012, 4046, 4086]
['ἄδραστος', 3990, 4004, 4118, 5384, 5417, 20646, 20669, 20710, 20743, 20805, 20811, 20823, 20836, 20858, 20874, 20988, 21023, 21102, 21589, 21647, 21777, 24865]
['δηιπύλη', 3996, 20702]
['μελάνιππος', 4007, 4019, 21472, 21520, 25179]
['θερσίτης', 4014, 4051]
['Ὀγχηστὸς', 4015]
['πρόθοος', 4016, 22456]
['κελεύτωρ', 4017]
['ἀλκμαίων', 4042, 21726, 21732, 21762, 21772, 21814, 21940, 21974, 22104, 22165, 22171, 22183, 22234, 22311, 22358]
['ὀγχηστός', 4049, 11544, 28105]
['τήλεφος', 4091, 15931, 16782, 22826]
['οἰνόη', 4112, 12284]
['αἰγιάλεια', 4116]
['αἰγιαλεύς', 4124, 7932]
['αἰόλος', 4134, 4440, 4578, 23827]
['βοιώτιος', 4137, 4382, 11717, 17873, 18675, 19717, 19818]
['νεφέλη', 4140, 4165, 4235]
['φρίζω', 4144, 4233]
['Ἰνὼ', 4151, 4163, 4203, 4370, 18873, 18880, 19001, 19027]
['λέαρχος', 4156, 4369, 19022]
['μελικέρτης', 4158, 4372, 19030, 19067]
['Δελφοὺς', 4197, 11790, 15019, 16989, 18627, 20222, 21915, 22116, 22220, 22293]
['φρίξος', 4219, 4286, 4345, 5760, 5884, 6324]
['σίγειον', 4267]
['χερσόνησος', 4269]
['ἕλλη', 4275]
['ἑλλήσποντος', 4281, 14002]
['κόλχος', 4290, 5741, 6176, 6328, 6725, 7099, 7272, 7340, 7874, 15198]
['αἰήτης', 4292, 4329, 6734, 6818, 6990, 7044, 7074, 7879]
['περσηίς', 4297, 17896]
['κίρκη', 4300, 7168, 7190]
['πασιφάη', 4302, 17892, 18013, 18066, 27394, 28349]
['μίνως', 4304, 7441, 11028, 12981, 13025, 13274, 13292, 13329, 17654, 17809, 17881, 17884, 17935, 18094, 18141, 18420, 18479, 18563, 23749, 27374, 27389, 27398, 27442, 28006, 28042, 28139, 28144, 28228, 28239, 28244, 28345]
['χαλκιόπη', 4314, 4344, 16766, 27884]
['φρόντις', 4349]
['ἰνόω', 4361]
['ἀθαμάντιος', 4422]
['Θεμιστὼ', 4428]
['ὕψευς', 4430]
['λεύκων', 4432]
['ἐρύθριος', 4433]
['πτάζω', 4435]
['φυράω', 4442]
['κόρινθος', 4446, 7726, 7737, 20257, 22330, 22371, 25364, 28461]
['γλαύξ', 4456, 18403, 18599, 25183]
['βελλεροφόντης', 4459, 9481, 9500, 9587, 17666]
['εὐρυμέδη', 4461]
['χίμαιρα', 4467, 9508, 9563, 9607]
['ἀσωπός', 4502, 4510, 8136, 8235, 25611]
['αἴγινα', 4504, 7540, 25355, 25397, 25408, 25593]
['φωκίς', 4519, 20265, 27277]
['ξοῦθος', 4522]
['ἀστεροδίη', 4529]
['Αἰνετὸς', 4532]
['φύλαξ', 4534, 5208]
['κέφαλος', 4535, 11006, 11062, 11138, 26529, 27358, 27372, 27449, 27466]
['πρόκρις', 4538, 11023, 16622, 27342, 27356, 27426, 27471]
['γοργοφόνη', 4554, 8719, 8761, 10561, 23509]
['περσεύς', 4556, 9788, 9812, 9831, 9891, 10715, 11075, 23511]
['Ἀφαρεὺς', 4560]
['λεύκιππος', 4563, 16725, 23520, 23554, 23587, 23822, 24281]
['τυνδάρεος', 4565, 15852, 23517, 23738, 23840, 23868, 23887, 23905, 23927, 23959, 23966, 24152, 24184, 24206, 24458]
['ἰκάριος', 4568, 15166, 19525, 23518, 23842, 23866, 23909, 24219, 27071, 27133]
['κυνόρτης', 4581, 23488, 23504, 23828]
['ἀμύκλης', 4583, 15002, 20065, 23475, 23482]
['ἀτλαντικός', 4592]
['πολυδέκτης', 4605, 9781, 10314, 10322]
['δίκτυς', 4607, 9772, 9783, 10309, 10345]
['σέριφος', 4609, 9771, 9780, 10301, 10344]
['Σαλμωνεὺς', 4612]
['Τυρὼ', 4690, 4951]
['ἀλκιδίκη', 4696]
['ἐνιπεύς', 4705]
['ἐνίπτω', 4721]
['πελίης', 4765, 4801, 4919, 5478, 5501, 5602, 5676, 5712, 5728, 5858, 6740, 7572, 7602, 7609, 7654, 7665, 22958]
['νηλεύς', 4770, 4886, 5077, 5341, 5878, 14986, 14994, 15646, 15656, 15698]
['σιδηρώ', 4781]
['Νηλεὺς', 4822, 20058]
['χλωρίς', 4833]
['ἄμφιων', 4835, 4934, 19746, 19831, 19838, 19910, 19944, 20050, 20073, 20107, 23181]
['πηρός', 4842]
['ταῦρος', 4845]
['πύλης', 4847, 27791, 27807]
['εὐρύβιος', 4849]
['φράσις', 4851]
['εὐρυμένης', 4852]
['ἀλάστωρ', 4854]
['νέστωρ', 4855, 4892, 15662, 24090]
['περικλύμενος', 4856, 5877, 15641, 21469, 21558]
['γερήνιος', 4896, 15669]
['ἀναξιβίη', 4900, 4926, 8822]
['κρατίευς', 4902]
['πολυκάστη', 4907]
['πεισίστρατος', 4915]
['ἀντίλοχος', 4916, 24089]
['θρασυμήδης', 4917]
['βίας', 4928, 5369, 5372, 27812]
['φυλομάχη', 4932]
['ἄκαστος', 4938, 5857, 7702, 25743, 25763, 25788, 25800, 25809, 25847, 25876, 26166, 26285]
['ἄλκηστις', 4944, 5480, 5502, 5565, 14955]
['Κρηθεὺς', 4946]
['Ἰωλκὸν', 4949, 7562, 7707, 25741]
['μελάμπους', 4978, 5123, 5309, 5383, 8526, 9277, 9387, 9431]
['Ἀλφειὸν', 5063, 12741]
['Πηρὼ', 5075]
['φυλακός', 5089]
['φυλάκη', 5098, 5144]
['Φύλακός', 5252]
['ποδαρκής', 5328, 15398, 24936]
['ἀργέω', 5357, 7916]
['πηρόω', 5375, 25323]
['ταλαός', 5376, 20648, 20875, 20885]
['λυσίμαχος', 5379, 25219]
['ἄβας', 5381, 9104, 9284, 13782]
['παρθενοπαῖος', 5385, 20899, 21038, 21129, 21459, 21465, 23087]
['πρῶ/ναξ', 5386, 5413, 5422]
['Μηκιστεὺς', 5387]
['ἀριστόμαχος', 5388, 17037, 20881]
['ἐριφύλη', 5389, 20775, 20781, 20814, 20829, 21746, 21946, 21968, 23730]
['παρθενοπαῖος', 5394, 21781]
['πρόμαχος', 5396, 7606, 21780]
['μηκιστεύς', 5405, 5886, 20918, 21787, 22441]
['ἀμφιθέη', 5420, 5460]
['ἀργεῖος', 5425, 9196, 9259, 10513, 11072, 15771, 16405, 17132, 20705, 21092, 21418, 21517, 21614, 21833, 21889, 22272]
['αἰγιάλειος', 5427, 7940]
['Αἰγιαλεὺς', 5430, 7928, 21776]
['κυάνιππος', 5432]
['Φερὰς', 5438, 23801]
['νέμειος', 5451, 11749, 11857, 11917, 20923]
['ὀφέλτης', 5462, 20941]
['ἀρχέμορος', 5466, 21007]
['πολυμήδη', 5590]
['αὐτόλυκος', 5592, 5847, 11297, 14931]
['ἰάσων', 5645, 5904, 5986, 6803, 6860, 7006, 7020, 7315, 7335, 7599, 7714, 7743, 7760, 7786, 26158, 27508]
['ἄναυρος', 5663]
['μήδειος', 5711, 6810, 7004, 7049, 7061, 7349, 7402, 7496, 7506, 7717, 7871]
['ἀργός', 5772]
['δωδωνίς', 5782]
['τίφυς', 5807, 6708]
['ἁγνίης', 5808]
['ζητέω', 5815, 6411]
['βορέας', 5818, 6307, 6409, 6431, 6435, 19259, 27489, 27566]
['Καινεὺς', 5837]
['κόρωνος', 5838, 16273, 16291, 24128]
['παλαίμων', 5839, 16794, 19050]
['ἀλεός', 5844, 15865, 16781, 22747]
['λαέρτης', 5845, 24086]
['ἀρκείσιος', 5846]
['ἵππασος', 5854]
['εὔφημος', 5865]
['θαύμακος', 5868]
['βούτης', 5869, 7210, 27164, 27323, 27352]
['τελέω', 5870, 16658]
['φᾶνος', 5871]
['στάφυλος', 5873]
['ἐργῖνος', 5875, 11514, 11528, 11556, 11566, 11619, 11640]
['αὐγής', 5879]
['πηνέλεως', 5887, 24111]
['ἵππαλμος', 5888]
['λήι+τος', 5889, 24113]
['ἀλέκτωρ', 5890, 20760, 24114]
['ἴφιτος', 5891, 12044, 14895, 14940, 15016, 24108]
['ναύβολος', 5892]
['ἰάλμενος', 5895, 24119]
['κομήτης', 5898]
['πολύφημος', 5899, 6078, 6097, 6125]
['ἐλάτης', 5900, 12505]
['ὑψιπύλη', 5920, 5967, 5984, 20937, 20962]
['θόας', 5922, 5972, 20955, 23916]
['λήμνιος', 5928, 5956, 20953]
['εὔνηος', 5991]
['νεβροφόνος', 5993]
['δολίων', 5999, 6019]
['κύζικος', 6002, 6050, 6062]
['Πελασγικὸν', 6025]
['πελασγός', 6031, 8007, 8015, 22397]
['ἀργοναύτης', 6046, 6187, 6310, 6374, 6524, 6550, 6685, 7124, 7205, 7346, 7578, 27564]
['μύσιος', 6071, 6128, 6192, 13337, 22848]
['ὑλάω', 6081, 6120]
['θειοδάμας', 6084, 16236]
['ὀμφάλη', 6150, 15095, 15118, 15194, 16757]
['ἀφεταί', 6157]
['ἀργώ', 6163, 7104]
['δημ/αρατος', 6172]
['διονύσιος', 6179]
['βέβρυκες', 6196, 6250, 13346, 13364]
['ἄμυκος', 6200, 13360]
['βιθυνίς', 6205]
['Ἀργὼ', 6228, 6995, 7026, 7299, 7486]
['σαλμυδησσός', 6271]
['Φινεὺς', 6274, 6545, 8508, 27557]
['φινεύς', 6350, 6537, 10275, 22469, 27527, 27552]
['τίγρης', 6454]
['ἅρπυς', 6461]
['νικοθόη', 6467]
['ἀελλόπος', 6470]
['ὠκύθοος', 6481]
['προποντίς', 6490]
['ἐχῖναι', 6493, 10607]
['στροφάς', 6500, 6526]
['ἀπολλώνιος', 6520]
['Μαριανδυνοὺς', 6687]
['λύκος', 6694, 8739, 13339, 13350, 13369, 19695, 19731, 19784, 19850, 19882, 23135, 23169, 27836]
['ἴδμων', 6699, 8926]
['θερμώδων', 6716, 13199]
['φημί', 6720]
['κάδμος', 6795, 17616, 17746, 18719, 18762, 18792, 18844, 18856, 18869, 18964, 19462, 19602, 19623, 19641]
['θῆβαι', 6798]
['οἶδα', 6820]
['ἄψυρτος', 7035, 7135, 7164]
['τόμος', 7094]
['μηδεία', 7109, 7303, 7334, 7650, 7747]
['ἀψυρτίδες', 7145, 7291]
['αὐσόνιος', 7162]
['λίγυς', 7174]
['κελτός', 7176]
['σαρδώ', 7181]
['τυρρήνιος', 7185, 13872]
['αἰαίη', 7188]
['λιλύβαιον', 7218]
['χάρυβδις', 7225]
['σκύλλα', 7228, 28137]
['θρινάκιος', 7254]
['φαίαξ', 7261, 7296, 7342]
['κέρκυρα', 7263]
['ἀλκίνοος', 7268, 7306, 7331, 23859]
['κεραύνιος', 7281]
['ἰλλυρίς', 7288, 8298]
['ἀρήτη', 7328, 7401]
['μελάντιος', 7364]
['ἀνάπτω', 7385]
['τάλος', 7427, 7474, 28316]
['ποίας', 7530, 24134]
['εὔβοια', 7556, 14929, 16423, 16668, 19707]
['λοκρίς', 7559, 17111]
['Ἰσθμὸν', 7639, 15213, 17096]
['γλαύκη', 7742, 8777, 25461]
['μέρμερος', 7787]
['κορίνθιος', 7825, 20164, 22335, 28469]
['μῆδος', 7839]
['τίθημι', 7844]
['μηδίη', 7864]
['Ἰνδοὺς', 7869, 19325]
['ἴναχος', 7911, 7917, 8154, 8228, 8619]
['μελία', 7922]
['Φορωνεὺς', 7942]
['τηλεδίκη', 7951]
['νιόβη', 7955, 7989, 19946, 20007, 20076, 22404]
['ἄπιος', 7976]
['θελξίων', 7978]
['τελχίν', 7980]
['σάραπις', 7988]
['Ἀκουσίλαός', 8004, 24242]
['Πελασγὸν', 8020]
['εὐάδνη', 8044, 21686]
['νέαιρα', 8048, 22750]
['ἐκβαίνω', 8050]
['ἐπίδαυρος', 8052, 28431]
['σάτυρος', 8092, 8643, 8653, 19363]
['ἀρκάς', 8095, 16373, 20901, 22428, 22689, 25502]
['ταρταρόω', 8109]
['ἔχιδνα', 8112, 9578, 13711, 14103, 14412, 20339]
['ἰσμήνη', 8134, 8233, 20509]
['ἴασος', 8138, 22873, 22885, 23064]
['Ἰὼ', 8141, 8156, 8371, 8419]
['ἀκουσίλαος', 8161, 8237, 9244, 12962, 19136, 22399, 25321, 27516]
['πειρήν', 8162, 9454]
['ἀρέστωρ', 8224]
['ἀσκληπιάδαι', 8226, 17899]
['κέρκωψ', 8229, 9086, 15125]
['μυκηναῖος', 8252]
['ἱέραξ', 8264]
['ἰόνιος', 8292, 13969]
['θράκιος', 8310, 13084, 13608, 18623, 27641, 27698]
['βόσπορος', 8315]
['σκύθιος', 8320]
['κιμμερίς', 8323]
['εὐρώπης', 8332, 8746, 12968, 13724, 13741, 17613, 17624, 17670, 17688, 17716, 17765, 18610, 18630, 18639, 18860]
['νεῖλος', 8348, 8431, 8491]
['ἔπαφος', 8350, 8397, 8424, 14255]
['ἐπικουρέω', 8357]
['βιβλίον', 8389]
['τηλέγονος', 8403, 13623]
['αἰγύπτιος', 8407, 8416, 8427, 17597, 19302]
['ἶσις', 8415, 8420]
['μέμφις', 8429, 8437, 8842]
['λιβύη', 8442, 8447, 8450, 8516, 13729, 13743, 14082, 14204, 14242, 14381, 17584]
['βῆλος', 8459, 8479, 8514, 17567, 17593]
['φοινίκη', 8465, 17606, 17729, 17732]
['ἀγχινόη', 8489]
['δαναός', 8500, 8544, 8743, 8757, 8993]
['εὐριπίδης', 8504, 21463, 23068]
['Δαναὸν', 8511, 9097]
['ἀράβιος', 8521, 8792, 14372]
['Δαναὸς', 8554, 8688, 8986, 9022]
['ῥόδον', 8573, 16963, 18195, 18337]
['λίνδιος', 8576, 14330]
['γελάνωρ', 8591]
['Δαναοὺς', 8604]
['ἀμυμώνη', 8634, 8656, 8748, 12130]
['λέρνα', 8665, 9002, 12063, 12071, 12229]
['λυγκεύς', 8717, 8978, 9026, 23529, 24313, 24382, 24401]
['πρωτεύς', 8720, 13625]
['ἀργυφίη', 8726]
['βούσιρις', 8734, 14249, 14295, 14320]
['αὐτόματος', 8747]
['Ἀγαυὴν', 8749, 18888]
['σκαιός', 8750]
['ἐλεφαντίς', 8760]
['ἴστρος', 8765]
['ἱπποδάμεια', 8767, 9805]
['χαλκώδων', 8768, 15461, 24122]
['Ῥοδίαν', 8769]
['ἄλκης', 8776]
['ἱππομεδούσα', 8779]
['ἱππόθοος', 8780, 23856, 25182]
['εὐχήνωρ', 8782]
['ἰφιμεδούσα', 8783]
['Ῥόδην', 8785]
['ἁμαδρυάδες', 8798]
['ἀτλάντειος', 8802]
['πειρήνη', 8811]
['δωρέω', 8814]
['εὐρυδάμας', 8815]
['φάρτις', 8816]
['μνήστρη', 8818]
['εὐίππη', 8820]
['ἀρχέλαος', 8821, 10675]
['μενέμαχος', 8823]
['νηλώ', 8824]
['φοῖνιξ', 8829, 17618, 17628, 17726, 26246, 26632]
['αἰθίοψ', 8834, 10232]
['τύριος', 8845]
['Κλειτὸς', 8846]
['κλειτός', 8847]
['σθένελος', 8848, 10552, 10734, 10884, 13334, 21782, 24093]
['σθένελη', 8849, 26283]
['χρύσιππος', 8850, 19928]
['χρυσίππη', 8851]
['καλιάδνη', 8856]
['πολυξώ', 8865, 23173]
['εὐρύλοχος', 8873]
['περισθένης', 8875]
['ἕρμος', 8876]
['Κισσεὺς', 8879]
['λίξος', 8880]
['ἴμβρος', 8881]
['πολύκτωρ', 8883]
['Θεανὼ', 8889]
['γλαυκίππη', 8893]
['κλεοδώρη', 8895]
['εὐίππη', 8896]
['βρύκη', 8899]
['περίφας', 8914]
['ποδάρκης', 8919, 15349, 15371, 24891]
['διωξίππη', 8921]
['μενάλκης', 8922]
['ἀδίτη', 8923]
['λάμπος', 8924]
['πυλάργη', 8927]
['ἱπποδίκη', 8934]
['ἀδιάντη', 8936]
['πανδίων', 8943, 27035, 27049, 27145, 27535, 27773, 27816, 27847, 27852, 28099]
['καλλιδίκη', 8944]
['ἄρβηλος', 8945]
['οἰμάω', 8946]
['ὑπέρβιος', 8947]
['κελαινός', 8948]
['Ἱπποκορυστὴς', 8949, 23858]
['ὑπερίππη', 8950]
['ναύπλιος', 9042, 15938, 18290, 18311, 22803]
['κατρεύς', 9076, 17908, 18154, 18380]
['παλαμήδης', 9090, 18318]
['οἴαξ', 9091, 18316]
['ναυσιμέδων', 9092]
['μαντινεύς', 9111]
['ἀκρίσιος', 9115, 9144, 9200, 9210, 9699, 9744, 10418, 10463, 10477, 23480]
['προῖτος', 9117, 9145, 9204, 9217, 9311, 9354, 9372, 9430, 9459, 9479, 9488, 9716, 10499, 22745]
['λύκιος', 9153, 9184, 9636, 17838, 22464]
['ἰοβάτης', 9155, 9495, 9503, 9655]
['ἀμφίαναξ', 9161]
['ἄντεια', 9170]
['σθενέβοια', 9175, 9220, 9465, 22742]
['τίρυνς', 9187, 9206, 10496, 10516, 10896, 11816, 11842]
['δανάη', 9216, 9707, 9737, 9784, 10411]
['ἰφινόη', 9223, 9416]
['εἴδομαι', 9282]
['σικυών', 9405, 19769, 19796]
['μεγαπένθης', 9438, 10501, 10510, 24245]
['γλαυκόω', 9443, 18557]
['δηλιάδης', 9449]
['ἀλκιμένης', 9457]
['ἀμισώδαρος', 9568]
['πηγάζω', 9590]
['μέδω', 9595, 10031, 10037, 10136, 10394, 10693, 14648, 25217]
['σόλυμοι', 9616]
['ἀμαζών', 9624, 13194, 13399]
['φιλονόη', 9669]
['οἰνόμαος', 9807, 23120]
['Ἐνυὼ', 9854]
['Πεφρηδὼ', 9856]
['δεινός', 9858]
['πίνδαρος', 9920]
['ἀσπίς', 9925]
['γοργόνη', 10023]
['Σθενὼ', 10029]
['Περσεὺς', 10044, 10081, 10128, 10243, 10408, 10453, 10514]
['πήγασος', 10111]
['χρυσάωρ', 10115]
['γηρυόνης', 10117, 13649, 13669, 13720, 13815]
['αἰθιόπιος', 10165, 24913, 27597]
['ἀνδρομέδα', 10173, 10221, 10269, 10284, 10413, 10525]
['κασσιέπεια', 10179, 10219, 17859]
['ἄμμων', 10210]
['Γοργὼ', 10404]
['πελασγιῶτις', 10434]
['τευταμίδης', 10438]
['λαρισσαῖος', 10441]
['μίδεια', 10518, 10901]
['μυκήνη', 10520, 10548, 10701, 10719, 10743, 10817, 10893, 11992, 12048, 12275, 12368, 12656, 13073, 13641]
['πέρθω', 10543]
['ἀλκαῖος', 10550, 10567, 10657, 13332]
['ἕλειος', 10554, 11136]
['μήστωρ', 10555, 10593, 10652, 10751, 25188]
['ἀστυδαμεία', 10569, 16787, 25761, 26164]
['πέλοψ', 10571, 10597, 10690, 10904, 12035, 19924, 25496, 25637, 27938]
['λαονόμη', 10576]
['γουνεύς', 10578]
['ἱππονόμη', 10583]
['μενοικεύς', 10585, 11539, 20117, 20320]
['ἀναξώ', 10590, 10659]
['λυσιδίκη', 10595, 16659]
['τάφιος', 10612, 10628]
['τέθηπα', 10615, 11094]
['τηλεβόας', 10619, 10846, 10942, 11014, 11173, 22460]
['πτερέλαος', 10631, 10644, 10747, 10784, 11090, 11099, 11113]
['χρομίος', 10648, 25194]
['τύραννος', 10649]
['χερσιδάμας', 10651, 25185]
['ἀλκμήνη', 10664, 10728, 10835, 10913, 10931, 11167, 11208, 11243, 11704, 16880, 17874]
['φυλόνομος', 10669]
['κελαίνευς', 10670]
['ἀμφίμαχος', 10671, 24095]
['χειρίμαχος', 10673]
['φρύγιος', 10682, 19308, 24648, 24699]
['μίδεα', 10684]
['νικίππη', 10688, 16714]
['Εὐρυσθεὺς', 10697, 11996, 12244, 12857, 14054, 22882]
['εὐρυσθεύς', 10731, 12356, 13033, 16805, 16848, 16864]
['τάφος', 10745, 10794, 11082]
['λικύμνιος', 10778, 10915, 10927, 15705, 16409, 16944]
['εὐήρης', 10785, 16778, 21165]
['πολύξενος', 10808, 10812, 24109, 25131]
['ἀτρεύς', 10906, 24140]
['θυέστης', 10908]
['περιμήδης', 10926, 16860]
['καδμεῖος', 10958, 10965, 18835, 21393]
['θηβαῖος', 10988, 11321, 11518, 11525, 11578, 11652, 19491, 19734, 20373, 20393, 21063, 21144, 21162, 21365, 21609, 21798, 21821, 21879, 21895]
['δηι+ονεύς', 11008]
['θορικός', 11059]
['φωκεύς', 11066, 18659]
['πανοπεύς', 11067]
['ἕλος', 11070]
['Κομαιθὼ', 11101, 11123]
['τειρεσίης', 11201, 21164, 21342, 21827, 21870, 21920, 22319]
['ὀρφεύς', 11315]
['Ῥαδαμάνθυος', 11343]
['κιθαιρώνειος', 11416]
['κιθαιρών', 11425, 19122, 19453, 19472, 20040, 20159, 21045]
['θέσπιος', 11432, 11786, 16057, 16620, 16734]
['θεσπίζω', 11438]
['μεγαμήδη', 11469]
['μινύης', 11535, 11621, 11645, 11755, 22890]
['Ὀρχομενὸν', 11552]
['μεγάρη', 11674, 11770, 14851, 16749]
['θηρίμαχος', 11681, 16753]
['κρεοντιάδης', 11682, 16755]
['δηι+κόων', 11683, 16754]
['ἰόλαος', 11694, 12109, 12189, 12262, 14854]
['αὐτομεδούσα', 11697]
['ἄλκαθος', 11699, 25635]
['Ῥαδάμανθυς', 11711, 17865]
['ὠκαλέη', 11715]
['πύθιος', 11799, 15031, 27898]
['ἀλκείδης', 11808]
['εὐρυσθεύς', 11817, 11848, 12052, 12705, 12761, 13164, 13170, 13255, 13643, 14033, 14526, 14834, 16815, 16892]
['κλεωναί', 11878, 11970, 15583]
['μόλορχος', 11884, 11975]
['κοπρεύς', 12034]
['λέρνη', 12113]
['ἐλαιόω', 12231]
['κερυνῖτις', 12272]
['ἀρτεμίσιος', 12313]
['λάδων', 12317]
['ἐρυμάνθιος', 12375]
['ψωφίς', 12385, 21993, 22103, 22249]
['ἐρύμανθος', 12391]
['φολόη', 12395, 12577, 12625]
['φόλος', 12398, 12452, 12594, 12628]
['σειληνός', 12399]
['μαλέη', 12476, 12490, 12573]
['χείρων', 12481, 12512, 12525, 14428, 19114, 19195, 23646, 25904, 25997, 26121, 26267]
['λαπίθαι', 12486, 16266, 16319]
['νέσσος', 12578, 16138, 16166, 16182, 16466]
['εὔηνος', 12582, 16133]
['αὐγείας', 12663, 12676, 12721, 12730, 12757, 12803, 15502, 15535]
['φόρβας', 12692]
['φυλεύς', 12732, 12810, 15604, 24100]
['Πηνειὸν', 12744]
['Φυλεὺς', 12789, 12819]
['δουλίχιος', 12823]
['Δεξαμενὸν', 12832]
['μνησιμάχη', 12843]
['στυμφαλίς', 12877]
['στύμφαλος', 12884, 16777, 22482, 22734, 25498]
['κρής', 12957, 17770]
['σπάρτη', 13045, 23463, 24071, 24462, 25269]
['μαραθών', 13055, 16935]
['Θρακὸς', 13070]
['κυρήνη', 13080]
['βίστονες', 13082, 13114, 13142]
['ἄβδηρος', 13122, 13160]
['Λοκρὸς', 13129]
['ὀπόεις', 13131, 26300]
['ἄβδηρα', 13154]
['ἱππολύτη', 13189, 13236, 13385, 13437]
['πάρος', 13270, 28050, 28079]
['εὐρυμέδων', 13276]
['χρύσης', 13277]
['νηφάλιος', 13278]
['φιλόλαος', 13279, 17925]
['ἀνδρόγεως', 13327, 13611, 17911, 18126, 28008]
['δάσκυλος', 13341]
['μύγδων', 13358]
['θεμίσκυρα', 13380]
['λαομέδων', 13467, 13517, 13544, 13556, 15266, 15343, 15354, 16647, 24866, 25668]
['πέργαμος', 13478]
['γανυμήδης', 13550, 24601]
['αἶνος', 13575]
['πόλτυς', 13579, 13594]
['Αἰνίας', 13587]
['σαρπηδών', 13588, 17655, 17804]
['θάζω', 13603, 17762]
['θάσος', 13616, 17700, 17757]
['τορώνη', 13620]
['γάδειρα', 13664]
['χρυσάορος', 13670]
['καλλιρρόη', 13672, 22071, 22081, 22131, 22168, 24588]
['ὄρθος', 13706]
['Ταρτησσὸν', 13733, 13846]
['μενοίτης', 13808, 14743]
['ἀνθεμόεις', 13826]
['ἀβδηρίη', 13853]
['λιγυστίνη', 13855]
['ἰαλεβίων', 13862]
['δέρκυνος', 13865]
['Ῥηγίου', 13876]
['ἰταλία', 13900]
['ἔρυξ', 13910, 13915, 13944]
['ἔλυμος', 13913]
['θράκη', 13992, 19328]
['αὐγέης', 14059, 16773]
['ἑσπερίς', 14069, 14117, 14200, 14464]
['αἴγλη', 14119]
['ἑσπέριος', 14121]
['ἀρέθουσα', 14122]
['ἐχέδωρος', 14128]
['κύκνος', 14131, 16329]
['πυρήνη', 14135]
['ἰλλυριός', 14159, 19614, 19619, 19633, 19642]
['ἀνταῖος', 14211]
['κύπρος', 14278, 26573]
['ἀμφιδάμας', 14325, 22871, 22875, 26309]
['τιθωνός', 14376, 26540]
['κέρβερος', 14552, 14765, 14837]
['εὔμολπος', 14584, 14618, 27580, 27748]
['πύλιος', 14598, 14987, 15679, 27795]
['ταίναρος', 14625]
['λακωνικός', 14627]
['θησεύς', 14677, 14705, 15208, 18134, 20576, 21669, 24051, 24062]
['κευθώνυμος', 14745]
['τροιζήν', 14821, 15211, 27933]
['οἰχαλία', 14861, 14884, 16364]
['ἰόλη', 14866, 14906, 16416, 16449, 16541, 16971]
['τιρύνθιος', 14974]
['δηί+φοβος', 15005, 25160]
['ἰάρδανος', 15096]
['λυδός', 15098]
['τμῶλος', 15105]
['ἐφέζομαι', 15124]
['σύλευς', 15128, 28459]
['αὐλίς', 15131]
['ξενοδοκέω', 15146]
['δολίχη', 15152, 15165]
['ἴκαρος', 15154]
['δαίδαλος', 15171, 18111, 28285]
['πιπίσκω', 15173]
['ἴλιος', 15224, 15239, 24709, 24927]
['τελαμών', 15300, 15350, 24144, 25446, 25451, 25564, 25628]
['πρίαμος', 15399, 24939, 24963, 25016, 25047, 25176]
['Κῷ', 15424]
['κῶιος', 15429]
['εὐρύπυλος', 15447, 16650, 16769, 17459, 24135]
['ἀστυπαλαία', 15448]
['αὐγείας', 15488, 15602]
['Ἀρκαδικὸν', 15491]
['κτέατος', 15514, 24096]
['μολιόνη', 15525]
['μολιονίδης', 15550, 15579]
['Ὀλυμπιακὸν', 15615]
['Πέλοπός', 15617]
['ἱπποκόων', 15689, 15713, 15843, 23841, 23844, 23863, 23896]
['μολοττικός', 15718]
['ἱπποκοωντίδαι', 15732]
['λακεδαιμόνιος', 15747]
['τεγέα', 15770, 15861, 22157, 22267]
['αὔγη', 15864, 15935, 22755, 22762]
['Ἀλεὸς', 15889]
['παρθένιος', 15908, 22822]
['τεύθρας', 15946, 22808, 22851]
['τευθρανίη', 15948]
['αἱμόνιος', 16002]
['θεσπρωτός', 16034]
['φύρω', 16038]
['φύλης', 16041]
['ἀστυόχη', 16042, 16783, 19971, 24569, 24898]
['τληπόλεμος', 16048, 16786, 16939]
['Σαρδὼ', 16074]
['ἀρχιτέλης', 16089]
['εὔνομος', 16091]
['τραχίς', 16125, 16251, 16361, 16378, 16434, 16517, 16820]
['δρύοψ', 16231, 16257, 16311, 25192]
['αἰγίμιος', 16262, 17302]
['λαογόρης', 16306]
['ἴτωνος', 16324]
['πελοπίη', 16332, 19973]
['ὀρμένιος', 16342]
['ἀμύντωρ', 16344, 16789, 26248]
['μήλιος', 16375]
['λοκρός', 16380]
['ἐπικνημίδιοι', 16382]
['κήναιον', 16421, 16426]
['λίχης', 16435, 16491]
['ὕλλος', 16533, 16744, 16875, 16967, 17007]
['οἴτη', 16546]
['ἀλεξιάρης', 16608]
['ἀνίκητος', 16610]
['ἀντιλέων', 16624]
['ἱππεύς', 16626]
['θρεψίππης', 16634]
['ἀστυάναξ', 16639]
['ἰόβης', 16641]
['πολύλαος', 16643]
['ἀρχέμαχος', 16645, 25200]
['εὐρύκαπυς', 16649]
['εὐβώτη', 16651]
['ἀντιάδης', 16653]
['χρυσηίς', 16655]
['λαομένης', 16657]
['μενιππίς', 16661]
['ἀνθίππη', 16662]
['ἱπποδρόμος', 16663]
['Εὐρυ', 16665]
['ἵππωτος', 16667]
['νικόδρομος', 16671]
['κλεόλαος', 16673]
['ἐρύθρης', 16675]
['ὁμόλιππος', 16677]
['ἄτρομος', 16679]
['ἶφις', 16681, 20758]
['λαοθόη', 16682]
['ἀντιόπη', 16684, 19752, 19789, 19805, 19847, 23174, 23175]
['ἀλόπιος', 16685]
['τίγασις', 16689]
['λευκώνης', 16691]
['ἄνθεια', 16692]
['εὐρυπύλη', 16693]
['ἀρχέδικος', 16694]
['δυνάστης', 16695]
['ἐρατώ', 16696]
['ἀσωπίς', 16697]
['μέντωρ', 16698, 16859]
['ἄμηστρις', 16700]
['λυγκαῖος', 16702]
['ὀλυμπούσα', 16704]
['ἑλικωνιάδες', 16705]
['φαλίης', 16706]
['οἰστρόβλης', 16708]
['εὐρύοπα', 16710]
['βουλεύς', 16712]
['ἀντίμαχος', 16713]
['πάτροκλος', 16715, 24145, 26279]
['πυρίππη', 16716]
['πραξιθέη', 16718, 27027, 27328]
['λυσίππη', 16719]
['ἐράσιππος', 16720]
['τοξικράτη', 16722]
['βουκόλος', 16723, 23853]
['μάρση', 16724]
['εὐρυτέλη', 16726]
['ἱπποκρατέω', 16727]
['ἱππόζυγος', 16728]
['κτήσιππος', 16745, 16790]
['ὀνείτης', 16747]
['ἀγέλαος', 16759, 17457, 25062]
['κροῖσος', 16763]
['θεσσαλός', 16770]
['παρθενόπη', 16775]
['αὐγέω', 16779]
['φύλας', 16785, 17175]
['πείρευς', 16793]
['ἀθηναῖος', 16841, 21667, 27704, 27921, 28168, 28186, 28366]
['ἀλέξανδρος', 16856, 25105, 25229, 25245, 25292]
['εὐρύβιος', 16858]
['σκειρωνίς', 16872]
['τισαμενός', 17024]
['πελοποννήσιος', 17028, 17167]
['πελοποννήσιοι', 17035]
['κλεόδαιος', 17044]
['τήμενος', 17059, 17102, 17209, 17347, 17381]
['ναύπακτος', 17118, 17146]
['ἀριστόδημος', 17126, 17351, 17386]
['αὐτεσίων', 17134]
['εὐρυσθένης', 17136, 17355]
['προκλέης', 17138, 17353]
['ἱππότης', 17173, 17233]
['Τισαμενὸν', 17292]
['πάμφυλος', 17304]
['δύμη', 17306]
['κρεσφόντης', 17358, 17390, 17498]
['καλλίης', 17461]
['ὑρνηθώ', 17465]
['δηιφόντης', 17470, 17496]
['Ὑρνηθὼ', 17494]
['πολυφόντης', 17511, 17551, 20278, 20299]
['αἴπυτος', 17538]
['ἰνάχειος', 17562]
['βάλλω', 17589, 26051]
['τηλέφασσα', 17608, 17696, 17749, 18621]
['Ῥαδάμανθυν', 17656]
['Σαρπηδὼν', 17660, 17826]
['λαοδάμεια', 17664]
['πύραμος', 17743]
['μίλητος', 17791, 17816, 17825]
['ἄρειος', 17796, 18697, 21594, 26514, 27476, 28340]
['κλέοχος', 17798]
['κάριος', 17818]
['λύκιοι', 17831]
['ἀτύμνιος', 17855]
['γλαύκος', 17910, 18580, 18591, 23747]
['ἀκάλλη', 17914]
['ἀριάδνη', 17916, 18130]
['φαῖδρας', 17917, 18128]
['παρείας', 17919]
['εὐρυμέδων', 17922]
['δεξιθέη', 17928]
['δαιδάλλω', 18028]
['μινώταυρος', 18084, 18124, 28258, 28374]
['ἀερόπη', 18142, 18285, 18298]
['ἀπημοσύνη', 18146, 18190]
['ἀλθαιμένης', 18148, 18174, 18328, 18376]
['Κατρεὺς', 18168, 18289, 18320]
['κρητινίη', 18198]
['ἀταβύριος', 18205, 18223]
['πλεισθένης', 18301]
['ἀγαμέμνων', 18304, 23939]
['μενέλαος', 18306, 24139, 24211, 24460]
['ἰδομενεύς', 18395, 25203]
['μόλος', 18401]
['πολύι+δος', 18457, 18548, 18572, 18583]
['κοιρανέω', 18459]
['πελάγων', 18666, 25348]
['σπαρτός', 18742, 21173]
['ἔχις', 18786, 18890]
['οὐδαῖος', 18787, 21171]
['ὑπερήνωρ', 18789, 23159]
['πέλωρος', 18790]
['ἁρμονία', 18821, 19604, 19625, 19652]
['σεμέλη', 18874, 18892, 18941, 18961, 18971, 19143]
['ἀγαυός', 18875, 19459, 19479]
['πολύδωρος', 18878, 19663, 25166]
['ἀρισταῖος', 18887, 19107]
['λευκοθέα', 19046]
['ἴσθμιος', 19071]
['νύσα', 19093]
['ὑάδες', 19102]
['ἀκταίων', 19181, 19200, 19211]
['βαλίος', 19236]
['Αἴγυπτόν', 19289]
['Πρωτεὺς', 19298]
['κύβελα', 19306]
['Ῥέας', 19313, 25240]
['βάκχη', 19356, 19370]
['παγγαῖον', 19416]
['Ἰνδικὴν', 19435]
['Πενθεὺς', 19455]
['ἐχίων', 19460]
['βακχάω', 19474]
['νάσσω', 19527, 19538]
['τυρρηνός', 19529]
['θυώνη', 19593]
['ἐγχέλεος', 19608]
['Ἰλλυριὸς', 19645]
['νυκτηίς', 19668]
['νυκτεύς', 19670, 19702, 19755, 22609, 23170]
['χθόνιος', 19672, 27344]
['λάβδακος', 19676, 19688, 27170]
['πενθεύς', 19681, 19724]
['λαί+ος', 19691, 19914, 20109, 20301, 20308]
['φλεγύης', 19710, 23593]
['δωτίς', 19715]
['ὑρίη', 19718, 26566]
['ζῆθος', 19744, 19828, 19833, 19936, 23179]
['Νυκτεὺς', 19777, 23167]
['ἐλευθεραί', 19816]
['δίρκη', 19856, 19886, 19898]
['θήβη', 19938]
['τάνταλος', 19948, 19960, 20082]
['σίπυλος', 19954, 20085]
['εὐπίνυτος', 19955]
['Ἰσμηνὸν', 19956, 25346]
['δαμασίχθων', 19957]
['φαίδιμος', 19959]
['ὠγύγιος', 19975, 21113]
['Χλωρὶς', 20054]
['τελέσιλλα', 20063]
['μελίβοια', 20067, 22416]
['ἰοκάστη', 20121, 20531]
['πόλυβος', 20160]
['οἰδίπους', 20184, 20297, 20445, 20488, 20537, 20893, 21629]
['πλαταιεῖς', 20313]
['σφίγξ', 20335]
['φίκιον', 20367]
['Σφιγγὸς', 20398, 20455]
['Σφὶγξ', 20482]
['πολυνείκης', 20504, 20587, 20609, 20629, 20707, 20754, 20783, 20786, 20891, 20908, 21036, 21053, 21124, 21431, 21633, 21750, 21785]
['ἐτεοκλῆς', 20506, 20615, 20619, 21049, 21060, 21143, 21429, 21802]
['ἀντιγόνη', 20511, 20561, 21625, 25694]
['εὐρυγανείη', 20521]
['ὑπέρφας', 20524]
['κολωνός', 20565]
['εὐμενίδες', 20569]
['Τυδεὺς', 20704, 20896, 21064, 21134, 21527]
['Καπανεὺς', 20878, 21109, 21399]
['ἱππομέδων', 20880, 21119, 21452]
['μελανίων', 20900, 23076, 23083]
['ἐτέοκλος', 20915, 21026, 21456]
['ἴφις', 20916, 21693]
['νέμω', 21017]
['μαίων', 21084]
['ὁμολώιος', 21106]
['προιτίδες', 21118]
['ὕψιστος', 21128]
['κρηνίς', 21138]
['χαρικλώ', 21167, 21232]
['Χαρικλὼ', 21214]
['κυλλήνη', 21269, 22422, 23103, 23200, 23264, 23337]
['Μενοικεὺς', 21370, 21380]
['ἀστακός', 21446, 21477]
['ἴσμαρος', 21449, 27635, 27669]
['ἰσμηνός', 21555]
['βάτων', 21577]
['ἐλάτων', 21581]
['καπανεύς', 21682, 21688, 21783, 23723, 24094]
['θέρσανδρος', 21748, 21784]
['ἀμφίλοχος', 21774, 21963, 22323, 22383, 24101]
['λαοδάμας', 21800, 21808, 21812]
['αἰγιάλευς', 21810]
['τιλφοῦσσα', 21866]
['ἑστιαίη', 21885]
['μαντώ', 21922, 22318]
['φηγεύς', 21995, 22105, 22138, 22142, 22150, 22214, 22257]
['ἀρσινόη', 22001, 22145, 23569, 23585]
['Θεσπρωτοὺς', 22051]
['ἀγαπήνωρ', 22161, 22230, 24091]
['πρόνοος', 22216]
['Ἀμφότερός', 22236]
['ἀκαρνάν', 22239]
['τεγεάτης', 22269]
['ψωφίδιος', 22277]
['Ἀμφιλοχικὸν', 22387]
['λύκης', 22424, 25191]
['Θεσπρωτὸν', 22436]
['νύκτιμος', 22438, 22551, 22566]
['καύκων', 22440]
['μακάρευς', 22443]
['ὅρος', 22445]
['πόλιχος', 22446]
['εὐαίμων', 22448]
['καρτέρων', 22451]
['αἰγαίων', 22452]
['κάνηθος', 22455]
['κορέθων', 22458]
['μαίναλον', 22459, 22526, 23070]
['φυσάω', 22461]
['φθίω', 22463]
['γενέτης', 22466]
['βουκολίων', 22467, 24903]
['σωκλής', 22468]
['ἁρπαλέος', 22471]
['πλάτων', 22473]
['κύναιθος', 22475]
['λέων', 22476]
['τιτάνης', 22479]
['μαντινέη', 22480]
['κλείτωρ', 22481]
['τραπεζόω', 22537]
['λυκάων', 22541, 22583, 22593]
['Καλλιστὼ', 22596, 22692]
['κήτευς', 22612]
['καλλιστώ', 22678]
['μάιος', 22687]
['λεανείρα', 22700]
['ἄμυκλος', 22702]
['μεγανείρα', 22704]
['κρόκων', 22706]
['εὔμηλος', 22709, 24123, 24251]
['χρυσοπέλεια', 22712]
['ἔλατος', 22715, 22728]
['ἀφείδας', 22717, 22738]
['λαοδίκη', 22731, 25130]
['κινύρομαι', 22733]
['περίειμι1', 22736]
['Ἀλεὸν', 22740]
['πέρευς', 22752]
['μύω', 22810]
['κόρυθος', 22832]
['κλεοφύλη', 22864]
['ἔποχος', 22869]
['μελαίνω', 22877, 23009, 23038]
['ἀντιμαχέω', 22880]
['ὑλαῖος', 22938]
['πηλεύς', 22962, 25443, 25455, 25562, 25581, 25765, 25784, 25797, 25855, 26000, 26045, 26064, 26071, 26122, 26296, 26317]
['ἱππομένης', 23078, 28103]
['πληιόνη', 23098]
['πλειάδες', 23107]
['Κελαινὼ', 23111]
['μαῖα', 23115, 23190, 23335]
['κελαινώ', 23132]
['αἴθω', 23150]
['ἐλευθήρ', 23153]
['ὑρίευς', 23157, 23161]
['κλονίη', 23165]
['ἀτλαντίς', 23186]
['εὐρώτης', 23465]
['λέλεγες', 23469]
['κλεοχαρείη', 23474]
['λαπίθης', 23487]
['Στησίχορός', 23513, 23727]
['ἀρήνη', 23526]
['οἴβαλος', 23528, 23833, 23834]
['πεῖσος', 23534]
['ἱλαείρα', 23558, 24297]
['διόσκοροι', 23564, 24275, 24366, 24457, 26160]
['Ἀσκληπιὸν', 23577, 23582]
['κορωνίς', 23591]
['καινεύς', 23615]
['Ναυπακτικὰ', 23735]
['ὑμέναιος', 23742]
['Ὀρφικοὶ', 23745]
['μελησαγόρης', 23751]
['βατεία', 23839, 24539]
['Δορυκλεὺς', 23849]
['σκαῖος', 23850]
['ἐναροφόρος', 23851]
['εὐτείχης', 23852]
['λύκαιθος', 23854]
['ἄλκων', 23860]
['δαμάσιππος', 23917]
['ἰμεύσιμος', 23918]
['ἀλήτης', 23919]
['περίλεως', 23920]
['πηνελόπεια', 23923, 24168, 24221]
['τίμανδρα', 23931]
['ἔχεμος', 23933]
['κλυταιμνήστρα', 23936, 23970]
['φυλονόη', 23942]
['ἑλένη', 23965, 23976, 24026, 24058, 24074, 24227, 25249, 25267]
['νέμεσις', 23975]
['ἄφιδνα', 24041]
['αἴθρη', 24064, 27948, 27962, 28382]
['Ὀδυσσεὺς', 24085, 26226]
['θάλπος', 24097]
['μέγης', 24099]
['Μενεσθεὺς', 24103]
['πετεώς', 24104]
['σχεδίος', 24105]
['ἐπίστροφος', 24107]
['ἀγασθένης', 24110]
['αἴας', 24115, 24141, 25656]
['οἰ+λεύς', 24116]
['ἐλεφήνωρ', 24121]
['Λεοντεὺς', 24127]
['ποδαλείριος', 24129]
['μάχη', 24131]
['ἀσκληπιός', 24132]
['φιλοκτήτης', 24133, 25276]
['εὐαίμων', 24136]
['πρωτεσίλαος', 24137]
['τεῦκρος', 24143, 24509, 24522, 24545, 25674]
['ἑρμιόνη', 24228]
['νικόστρατος', 24233]
['αἰτωλίς', 24239]
['τηρηίς', 24244]
['κνωσσίη', 24247]
['ξενόδαμος', 24252]
['μνησίλευς', 24293]
['δάρδανος', 24476, 24490, 24540, 27546]
['σαμοθράικη', 24498]
['σκάμανδρος', 24511, 24590, 24872]
['ἰδαῖος', 24514, 27543]
['δαρδάνιος', 24549]
['ἴλος', 24556, 24629]
['ἐριχθόνιος', 24558, 24563, 26837, 26934, 27004, 27038]
['ἶλος', 24559, 24597, 24645, 24706, 24847]
['σιμόεις', 24571, 24622]
['τρώς', 24573]
['ἀσσάρακος', 24599, 24617]
['ιἑρομνήμη', 24620]
['κάπυς', 24623]
['θεμίστη', 24627]
['ἀγχίσης', 24630]
['αἰνείας', 24637]
['λύρον', 24640]
['ἄτη', 24700, 24839]
['παλλάς', 24769, 24785]
['ἰλιάς', 24845]
['Στρυμὼ', 24870]
['πλακίη', 24876]
['ὀτρεύς', 24878]
['λευκίππη', 24882]
['Τιθωνὸν', 24887, 24905]
['λάμπω', 24888]
['ἱκετάων', 24890]
['κίλλα', 24896]
['καλύπτω', 24902]
['μέμνων', 24921]
['ἀρίσβη', 24943, 24965]
['μέροψ', 24945, 25031]
['αἴσακος', 24950]
['ἀστερόπη', 24954]
['κεβρήν', 24956, 25233]
['ὕρτακος', 24967]
['ἑκάβη', 24970, 24999, 25018, 25126]
['δύμας', 24972]
['κισσεύς', 24977]
['σαγγάριος', 24982]
['μετώπη', 24985, 25334]
['ἕκτωρ', 24992, 25222]
['πάρειμι2', 25092]
['κασάνδρη', 25132]
['ἕλενος', 25161]
['πάμμων', 25162]
['πολίτης', 25163]
['τρωί+λος', 25167]
['γοργυθίων', 25180]
['φίλαιμος', 25181]
['ἀγαθόω', 25184]
['δόρυκλος', 25190]
['ἀστύγονος', 25195]
['τελέστης', 25196]
['εὔανδρος', 25197]
['κεβριόνης', 25198]
['λαοδόκος', 25201]
['ἐχέφρων', 25202]
['ὑπόἐρῶ', 25204]
['ἄσκάνιος', 25205]
['ἄρητος', 25207]
['κλονίος', 25209]
['ἐχέμμων', 25210]
['Αἰγεωνεὺς', 25212]
['πολυμέδων', 25214]
['μηδεσικάστη', 25218]
['ἀνδρομάχος', 25225]
['οἰνώνης', 25231, 25280, 25299, 25403]
['Ἀσωπὸς', 25314, 25360]
['Ἀσωπὸν', 25376]
['Αἰακὸς', 25434, 25468, 25527]
['ἐνδηίς', 25435]
['σκείρων', 25437]
['κύχρευς', 25463, 25605]
['Ἑλλὰς', 25539]
['φῶκος', 25559]
['πολυδώρη', 25706, 25917]
['βῶρος', 25709]
['μενέσθιος', 25924]
['σπερχειός', 25927]
['ξάνθος', 26053]
['ἀχιλλεύς', 26139, 26185, 26232, 26320]
['κάλχας', 26186]
['λυκομήδης', 26206, 26212, 26230]
['δηιδαμεία', 26214]
['πύρρος', 26219]
['νεοπτόλεμος', 26223]
['περίωπις', 26287]
['φιλοκράτης', 26293]
['πολυμήλη', 26294]
['κλειτώνυμος', 26307]
['Ἀκτὴν', 26341]
['κέκροψ', 26344, 26394, 26420, 26438, 26469, 26779, 26954, 27337, 27759, 27777]
['ἐρεχθηίς', 26382]
['πανδρόσειον', 26402]
['κραναός', 26422, 26846]
['ἐρυσίχθων', 26424, 26479]
['θριάσιος', 26460]
['Ἀττικὴν', 26465, 27058]
['ἄγραυλος', 26475, 26485, 26489]
['ἕρση', 26486]
['πάνδροσος', 26487, 26952, 26965]
['ἀλκίππη', 26494, 28292]
['ἁλιρρόθιος', 26499]
['φαέθω', 26544]
['ἀστύνοος', 26547]
['σάνδοκος', 26550]
['κελένδερις', 26559]
['φαρνάκης', 26562]
['μεγασσάρης', 26564]
['κινύρης', 26569]
['πάφος', 26578]
['μεθάρμη', 26582]
['πυγμαλίων', 26584]
['κύπριος', 26585]
['ὀρσεδίκη', 26595]
['βραισίη', 26599]
['ἀλφεσίβοιος', 26634]
['θείας', 26639]
['ἀσσύριος', 26641]
['σμύρνα', 26645]
['Κραναὸς', 26782, 26814]
['μύνης', 26801]
['κρανάη', 26803]
['κραναίχμη', 26805]
['ἀτθίς', 26807, 26815, 26848]
['παναθήναιος', 27022, 28000]
['Κελεὸς', 27064]
['μαῖρα', 27130]
['ζευξίππη', 27148]
['πρόκνη', 27156, 27194, 27211, 27237, 27284]
['φιλομήλα', 27158, 27204, 27220, 27288]
['τηρεύς', 27178, 27294]
['τηρέω', 27188, 27253]
['ἴτυς', 27202, 27250]
['Τηρεὺς', 27265]
['δαυλία', 27275]
['Ἐρεχθεὺς', 27311, 27327, 27745]
['φράσιμος', 27330]
['διογενεία', 27332]
['κηφισός', 27334]
['πάνδωρος', 27338]
['μητίων', 27339, 27781, 28290]
['ὠρείθυια', 27345, 27482]
['δηιών', 27360]
['πτελέων', 27367]
['κίρκαιος', 27429]
['ἰλισσός', 27486]
['χιόνη', 27498, 27570]
['ζάω', 27501]
['ἐκεῖνος', 27519]
['βενθεσικύμη', 27601, 27612]
['τεγύριος', 27639, 27654, 27673]
['ἀθήναιος', 27689]
['μητιαδούσα', 27768]
['εὐπάλαμος', 27770, 28287]
['μέγαρον', 27789, 27829, 28094, 28146]
['Αἰγεὺς', 27833, 27959, 28013]
['νῖσος', 27835, 28106, 28114]
['σκύριος', 27841]
['μητιονίδης', 27862]
['αἰγεύς', 27873]
['μήτη', 27879]
['ὁπλής', 27881]
['ῥηξήνωρ', 27886]
['πιτθεύς', 27936]
['μαραθώνιος', 28016]
['νίσσομαι', 28096]
['μεγαρεύς', 28101]
['αἰγληίς', 28192]
['ὀρθαίη', 28194]
['γέραιστος', 28197]
['πέρδιξ', 28314]
['περιφήτης', 28416]
['ἀντίκλεια', 28420]
['σίνις', 28455, 28497]
['πολυπήμων', 28457]
